A
           10            1            1            1            2           15
           20            4            2            1           30            5
           40            9            5           60            3            0
           10            1           15            6            2            1
           20           30            0            0            0            0
            0            0            0            0            0            0

B
            3
            1
            1
            1
            0
            0

L
            1            0            0            0            0            0
            2            1            0            0            0            0
            4          2.5            1            0            0            0
            1            0           14            1            0            0
            2           14           -2    -0.158477            1            0
            0            0            0           -0           -0            1

U
           10            1            1            1            2           15
            0            2            0           -1           26          -25
            0            0            1         58.5          -70          2.5
            0            0            0         -814          980          -49
            0            0            0            0     -352.693      317.235
            0            0            0            0            0            0

Y
            3
           -5
          1.5
          -23
       63.355
            0

X
          nan
          nan
          nan
          nan
          nan
          nan

--------------------------------------------------------------------------------
