A
 1.000010e+01 2.000000e+00 3.000000e+00 1.000000e+00 4.000000e+00
 1.300000e+01 2.000000e+01 2.000000e+00 2.000000e+00 3.000000e+00
 5.000000e+00 1.100000e+01 4.000000e+01 9.000000e+00 1.500000e+01
 3.000000e+00 2.000000e+00 5.000000e+00 1.000000e+01 0.000000e+00
 1.000000e+01 2.000000e+00 3.000000e+00 1.000000e+00 4.000000e+00

B
 2.000010e+01
 4.000000e+01
 8.000000e+01
 2.000000e+01
 2.000000e+01

L
 1.000000e+00 0.000000e+00 0.000000e+00 0.000000e+00 0.000000e+00
 1.299987e+00 1.000000e+00 0.000000e+00 0.000000e+00 0.000000e+00
 4.999950e-01 5.747124e-01 1.000000e+00 0.000000e+00 0.000000e+00
 2.999970e-01 8.045999e-02 1.074178e-01 1.000000e+00 0.000000e+00
 9.999900e-01 1.149412e-06 8.128809e-07 2.977979e-07 1.000000e+00

U
 1.000010e+01 2.000000e+00 3.000000e+00 1.000000e+00 4.000000e+00
 0.000000e+00 1.740003e+01-1.899961e+00 7.000130e-01-2.199948e+00
 0.000000e+00 0.000000e+00 3.959195e+01 8.097699e+00 1.426436e+01
 0.000000e+00 0.000000e+00 0.000000e+00 8.773843e+00-2.555226e+00
 0.000000e+00 0.000000e+00 0.000000e+00 0.000000e+00 3.169396e-05

Y
 2.000010e+01
 1.400013e+01
 6.195400e+01
 6.218617e+00
 3.169396e-05

X
 1.000000e+00
 1.000000e+00
 1.000000e+00
 1.000000e+00
 1.000000e+00

--------------------------------------------------------------------------------
